 G03 2022 04 03 00 00 00 -0.190658494830D-03 -0.159161572810D-10 0.000000000000D+00
      0.103000000000D+03 0.413437500000D+02  0.458804825348D-08 0.153481111532D+01
      0.206753611565D-05 0.399503123481D-02  0.573135912418D-05 0.515364810753D+04
      0.000000000000D+00 -0.163912773132D-06 -0.175117704888D+01 0.335276126862D-07
      0.972732053189D+00 0.275750000000D+03  0.942713470131D+00 -0.817569769348D-08
      0.307512809143D-09 0.100000000000D+01  0.220400000000D+04 0.000000000000D+00
      0.200000000000D+01 0.000000000000D+00  0.186264514923D-08 0.103000000000D+03
     -0.720000000000D+04
 
 G03 2022 04 03 02 00 00 -0.190772581845D-03 -0.159161572810D-10 0.000000000000D+00
      0.105000000000D+03 0.424062500000D+02  0.458269088747D-08  0.258527569515D+01
      0.206567347050D-05 0.399570597801D-02  0.602938234806D-05  0.515364573479D+04
      0.720000000000D+04 -0.428408384323D-07 -0.175123550855D+01 -0.912696123123D-07
      0.972735088744D+00  0.266750000000D+03  0.942446614856D+00 -0.802461997192D-08
      0.340371320689D-09  0.100000000000D+01  0.220400000000D+04  0.000000000000D+00
      0.200000000000D+01  0.000000000000D+00  0.186264514923D-08  0.105000000000D+03
      0.000000000000D+00                                         
																 
 G03 2022 04 03 04 00 00 -0.190887134522D-03 -0.159161572810D-10  0.000000000000D+00
      0.106000000000D+03  0.363125000000D+02  0.470733893670D-08 -0.264769119156D+01
      0.195391476154D-05  0.399656558875D-02  0.606849789619D-05  0.515364411354D+04
      0.144000000000D+05  0.126659870148D-06 -0.175129416571D+01 -0.968575477600D-07
      0.972737602037D+00  0.267562500000D+03  0.942427969965D+00 -0.810462330438D-08
      0.449304429619D-09  0.100000000000D+01  0.220400000000D+04  0.000000000000D+00
      0.280000000000D+01  0.000000000000D+00  0.186264514923D-08  0.106000000000D+03
      0.720000000000D+04                                         
																 
 G03 2022 04 03 06 00 00 -0.191001687199D-03 -0.159161572810D-10  0.000000000000D+00
      0.108000000000D+03  0.383437500000D+02  0.474841207614D-08 -0.159760035218D+01
      0.203959643841D-05  0.399691984057D-02  0.600703060627D-05  0.515364306068D+04
      0.216000000000D+05  0.104308128357D-06 -0.175135273071D+01  0.931322574616D-08
      0.972741168631D+00  0.271156250000D+03  0.942538212545D+00 -0.810390898891D-08
      0.505735351622D-09  0.100000000000D+01  0.220400000000D+04  0.000000000000D+00
      0.280000000000D+01  0.000000000000D+00  0.186264514923D-08  0.108000000000D+03
      0.144000000000D+05                                         
																 
 G03 2022  4  3  7 59 44 -0.191115774214D-03 -0.159161572810D-10  0.000000000000D+00
      0.300000000000D+01  0.376562500000D+02  0.474626912973D-08 -0.549629945265D+00
      0.204890966415D-05  0.399716536049D-02  0.601261854172D-05  0.515364396095D+04
      0.287840000000D+05  0.167638063431D-07 -0.175141119769D+01  0.670552253723D-07
      0.972744270018D+00  0.274531250000D+03  0.942434993435D+00 -0.820498462769D-08
      0.490020411317D-09  0.100000000000D+01  0.220400000000D+04  0.000000000000D+00
      0.200000000000D+01  0.000000000000D+00  0.186264514923D-08  0.300000000000D+01
      0.221400000000D+05                                         
																 
 G03 2022  4  3  8  0  0 -0.191115774214D-03 -0.159161572810D-10  0.000000000000D+00
      0.109000000000D+03  0.376562500000D+02  0.474591197200D-08 -0.547295647346D+00
      0.204890966415D-05  0.399715953972D-02  0.601261854172D-05  0.515364396477D+04
      0.288000000000D+05  0.167638063431D-07 -0.175141134691D+01  0.670552253723D-07
      0.972744290498D+00  0.274531250000D+03  0.942434474099D+00 -0.820498462769D-08
      0.490377569051D-09  0.100000000000D+01  0.220400000000D+04  0.000000000000D+00
      0.280000000000D+01  0.000000000000D+00  0.186264514923D-08  0.109000000000D+03
      0.216000000000D+05                                         
																 
 G03 2022 04 03 09 59 44 -0.191230326891D-03 -0.159161572810D-10  0.000000000000D+00
      0.120000000000D+02  0.428125000000D+02  0.462662128878D-08  0.500549709333D+00
      0.197999179363D-05  0.399799470324D-02  0.602565705776D-05  0.515364554215D+04
      0.359840000000D+05 -0.186264514923D-07 -0.175147015914D+01  0.577419996262D-07
      0.972747779558D+00  0.271562500000D+03  0.942455266553D+00 -0.819498421113D-08
      0.471091051405D-09  0.100000000000D+01  0.220400000000D+04  0.000000000000D+00
      0.200000000000D+01  0.000000000000D+00  0.186264514923D-08  0.120000000000D+02
      0.288000000000D+05                                         
																 
 G03 2022  4  3 12  0  0 -0.191344413906D-03 -0.158024704433D-10  0.000000000000D+00
      0.130000000000D+02  0.374375000000D+02  0.447554356721D-08  0.155282866747D+01
      0.191852450371D-05  0.399870821275D-02  0.612996518612D-05  0.515364788246D+04
      0.432000000000D+05 -0.135973095894D-06 -0.175152958142D+01  0.223517417908D-07
      0.972751499759D+00  0.264562500000D+03  0.942707845211D+00 -0.813676750045D-08
      0.540022494104D-09  0.100000000000D+01  0.220400000000D+04  0.000000000000D+00
      0.200000000000D+01  0.000000000000D+00  0.186264514923D-08  0.130000000000D+02
      0.360000000000D+05                                         
																 
 G03 2022  4  3 14  0  0 -0.191458500922D-03 -0.158024704433D-10  0.000000000000D+00
      0.140000000000D+02  0.365000000000D+02  0.434160941689D-08  0.260321111177D+01
      0.194087624550D-05  0.399932498112D-02  0.667013227940D-05  0.515364608574D+04
      0.504000000000D+05  0.521540641785D-07 -0.175158758904D+01 -0.726431608200D-07
      0.972756438570D+00  0.257437500000D+03  0.942521684497D+00 -0.793140180329D-08
      0.566452166435D-09  0.100000000000D+01  0.220400000000D+04  0.000000000000D+00
      0.200000000000D+01  0.000000000000D+00  0.186264514923D-08  0.140000000000D+02
      0.432000000000D+05                                         
																 
 G03 2022 04 03 16 00 00 -0.191573053598D-03 -0.158024704433D-10  0.000000000000D+00
      0.150000000000D+02  0.306875000000D+02  0.433339478900D-08 -0.262973301048D+01
      0.164285302162D-05  0.400007585995D-02  0.672601163387D-05  0.515364466476D+04
      0.576000000000D+05 -0.130385160446D-07 -0.175164411327D+01 -0.223517417908D-07
      0.972760501094D+00  0.256531250000D+03  0.942477401967D+00 -0.787604235449D-08
      0.515021452711D-09  0.100000000000D+01  0.220400000000D+04  0.000000000000D+00
      0.200000000000D+01  0.000000000000D+00  0.186264514923D-08  0.150000000000D+02
      0.504000000000D+05                                         
																 
 G03 2022 04 03 18 00 00 -0.191687140614D-03 -0.158024704433D-10  0.000000000000D+00
      0.160000000000D+02  0.321875000000D+02  0.440196907397D-08 -0.157957816404D+01
      0.165402889252D-05  0.400010251906D-02  0.675581395626D-05  0.515364436340D+04
      0.648000000000D+05  0.163912773132D-06 -0.175170031858D+01 -0.298023223877D-07
      0.972763601017D+00  0.256656250000D+03  0.942519662744D+00 -0.795676000242D-08
      0.391802034413D-09  0.100000000000D+01  0.220400000000D+04  0.000000000000D+00
      0.200000000000D+01  0.000000000000D+00  0.186264514923D-08  0.160000000000D+02
      0.576000000000D+05                                         
																 
 G03 2022 04 03 20 00 00 -0.191801227629D-03 -0.158024704433D-10  0.000000000000D+00
      0.210000000000D+02  0.330937500000D+02  0.452233123039D-08 -0.529302827290D+00
      0.166520476341D-05  0.400039926171D-02  0.645592808723D-05  0.515364514732D+04
      0.720000000000D+05  0.167638063431D-07 -0.175175809800D+01  0.875443220139D-07
      0.972765498422D+00  0.259937500000D+03  0.942442572813D+00 -0.813283876538D-08
      0.361086469272D-09  0.100000000000D+01  0.220400000000D+04  0.000000000000D+00
      0.200000000000D+01  0.000000000000D+00  0.186264514923D-08  0.210000000000D+02
      0.648000000000D+05                                         
																 
 G03 2022 04 03 22 00 00 -0.191914848983D-03 -0.158024704433D-10  0.000000000000D+00
      0.220000000000D+02  0.379062500000D+02  0.450411618595D-08  0.520894929456D+00
      0.200234353542D-05  0.400112837087D-02  0.655837357044D-05  0.515364654159D+04
      0.792000000000D+05 -0.651925802231D-07 -0.175181627093D+01  0.763684511185D-07
      0.972768054140D+00  0.258343750000D+03  0.942442566961D+00 -0.809926593836D-08
      0.308227124611D-09  0.100000000000D+01  0.220400000000D+04  0.000000000000D+00
      0.200000000000D+01  0.000000000000D+00  0.186264514923D-08  0.220000000000D+02
      0.720000000000D+05                                         
																 
 G03 2022 04 04 00 00 00 -0.192028935999D-03 -0.158024704433D-10  0.000000000000D+00
      0.480000000000D+02  0.318750000000D+02  0.447554356721D-08  0.157083756938D+01
      0.156834721565D-05  0.400173792150D-02  0.694207847118D-05  0.515364879036D+04
      0.864000000000D+05 -0.160187482834D-06 -0.175187478912D+01  0.745058059692D-08
      0.972770472343D+00  0.252531250000D+03  0.942696718257D+00 -0.804533512050D-08
      0.353943314588D-09  0.100000000000D+01  0.220400000000D+04  0.000000000000D+00
      0.200000000000D+01  0.000000000000D+00  0.186264514923D-08  0.480000000000D+02
      0.792000000000D+05                                         
																 
 