0	0.9342794381391286	0.04362589522133931	0.1730710268548137	0.5670638080628123	134.8079282687991
0.25	0.855118616234904	0.1526502449014515	0.213713213279334	0.6203470379659848	133.6116519757695
0.5	0.7651468227941223	0.272750064075808	0.2250823789636343	0.667022833131341	132.3703756828252
0.75	0.6640310933216824	0.3930502271869045	0.2089598759121145	0.7030610652327596	131.1590993898051
1	0.5516454412409075	0.5038952394861553	0.1710949226180674	0.7252062633815513	129.9028230968133
1.25	0.4285918888126616	0.5980237283329188	0.1202676289344105	0.73120803965503	128.63654680379
1.5	0.2967001663473638	0.6712672944886435	0.06691125516908869	0.7199663145329396	127.3632705107843
1.75	0.1593688927678159	0.7227197620959487	0.02153054282462108	0.6916121066096821	126.0719942177957
2	0.02163072404255217	0.7543676797613443	-0.006860192475869553	0.647491753588838	124.8847179248003
2.25	-0.1101389353352715	0.7703152355206839	-0.01205145466701651	0.5900748026288056	123.6154416317845
2.5	-0.2288514977572049	0.7757708172321145	0.008496774638842908	0.5227919152639515	122.3961653387846
2.75	-0.3276200800301012	0.7759893179318169	0.05333817411337805	0.4498070134795853	121.1898890458087
3	-0.4008006856674911	0.7753604385834478	0.1173364238566137	0.375739097569749	120.0016127528158
3.25	-0.4449864422258543	0.7767909939684614	0.1925020304806822	0.3053602247091476	118.8343364597984
3.5	-0.4597631330584591	0.7814480159831874	0.2692452277369739	0.2432845859584631	117.6480601668004
3.75	-0.4480616930820815	0.7888582928444521	0.3378705272334628	0.1936567082775582	116.4567838737867
4	-0.4160078185479961	0.7973016224914318	0.3900646095062257	0.1598808653798187	115.2735075808096
4.25	-0.3722639793440976	0.8043644534991472	0.4201746328835725	0.1443874133910867	114.0992312878097
4.5	-0.3269214287893192	0.8075167171737121	0.4260736241994891	0.148463805380743	112.8649549947909
4.75	-0.2901134925104998	0.8045797708582541	0.4094778914004564	0.1721616040194931	111.7066787017791
5	-0.2705689904923929	0.7939850533093704	0.3756769984829589	0.2142738464099239	110.5444024088058
5.25	-0.2743295474683691	0.7748036187658727	0.3326949616930506	0.2724028029479086	109.3511261157971
5.5	-0.3038671296562825	0.7465636013857875	0.2900210992702341	0.3431011232241872	108.1078498227726
5.75	-0.3577356014866382	0.7089485073774995	0.2570789271976537	0.4220908087008866	106.8855735297802
6	-0.4308421690730029	0.6614903257723199	0.2416952622879762	0.5045331683541008	105.7132972368038
6.25	-0.5152831863488245	0.603377125091356	0.248779054312763	0.5853470556794491	104.5330209437907
6.5	-0.6016118227234983	0.5334671274176799	0.2794370727406204	0.6595459027776087	103.3117446507958
6.75	-0.6803210013495118	0.4505460841974127	0.3306753795377517	0.7225719890957407	102.170468357798
7	-0.7432893317309208	0.3537968512973748	0.395730240219109	0.7706097403570311	100.8871920647607
7.25	-0.7849489603904658	0.2433873210393358	0.465009737087712	0.8008495019930706	99.64391577182141
7.5	-0.8029852176987333	0.1210248665647669	0.5274967189443487	0.8116815104040143	98.4246394787931
7.75	-0.7984721820685081	-0.009664867226092611	0.5724053892981829	0.8028137021610746	97.22836318579198
8	-0.7754468874372833	-0.1430899969109305	0.5908366388248396	0.7752924069172877	96.02808689277254
8.25	-0.7400354864985275	-0.2720450429860648	0.5771656509732566	0.7314319125944166	94.79681059980294
8.5	-0.6993036336971272	-0.3884634222013119	0.5299450398615591	0.6746460708236555	93.58953430680117
8.75	-0.6600690801351448	-0.4844826606276911	0.4521800351467391	0.609208338373719	92.36325801379053
9	-0.6278830953997385	-0.553644293006073	0.3509123778349021	0.5399465036425681	91.14098172076979
9.25	-0.6063414709315111	-0.5920153291372117	0.23619151677849	0.4718964166822843	89.98370542778389
9.5	-0.5968183463846799	-0.5990199150314766	0.1195835380422068	0.4099411824754498	88.84642913480434
9.75	-0.5986231105125626	-0.5777755640550595	0.01244927074003499	0.3584685428904777	87.69115284181339
10	-0.6094712030189839	-0.5348593466603688	-0.07572555433944217	0.3210625106330554	86.4448765487964
10.25	-0.6261447042470536	-0.4794844426251075	-0.1387090682001144	0.3002520038789953	85.29760025578526
10.5	-0.6451595852522587	-0.4222313490354281	-0.1743681701664173	0.2973478602762043	84.10832396279488
10.75	-0.6633116790399072	-0.3734945969663386	-0.1848844313790323	0.3123609398535336	82.90704766980639
11	-0.6779761261877866	-0.3419511437277833	-0.1762896408909	0.3440171366310096	81.74977137679207
11.25	-0.6871550141404441	-0.3332681848387438	-0.1574148263061943	0.3898600334832736	80.55749508380927
11.5	-0.6893131961114705	-0.3493008668119728	-0.1384117765701376	0.4464454068911436	79.43521879079185
11.75	-0.6830811973941309	-0.3878965828116634	-0.1290929372753453	0.5095884552356438	78.20894249780963
12	-0.6669820411279943	-0.4433479432555032	-0.1373417775321286	0.574673658280517	77.00666620479524
12.25	-0.6392701268359815	-0.5073832086018228	-0.167832543980694	0.6369762146605353	75.80938991179664
12.5	-0.5979903720617585	-0.5705473042580707	-0.2212640822435787	0.6919977509314776	74.583113618786
12.75	-0.5412643891850166	-0.623701582695503	-0.2942038465062069	0.7357717413942737	73.37183732582275
13	-0.4677682388464746	-0.6594153059559176	-0.3795714834841419	0.7651346197417297	72.07856103278232
13.25	-0.3772949265694479	-0.67301045941349	-0.4676722657058576	0.7779353545811318	70.81028473979245
13.5	-0.2712701720574842	-0.6631044344940165	-0.5476264625358453	0.7731688869389473	69.59600844677993
13.75	-0.1530714564742084	-0.6316108151477238	-0.6089690486114705	0.7510409947390144	68.35173215381474
14	-0.02802656068524811	-0.5832107912319771	-0.6431888625993452	0.7129354710777989	67.13945586079717
14.25	0.09694569289786159	-0.5244506882954738	-0.6449682238417154	0.6613219829669106	65.94317956779605
14.5	0.2140705472302216	-0.4626201305145514	-0.6129539374123851	0.5995748284076399	64.70090327479738
14.75	0.3157039848647401	-0.4046385716137593	-0.5499354208604927	0.5317449962421961	63.50762698178869
15	0.3954461523635473	-0.356131147727865	-0.4624258970616211	0.4622906128024624	62.27335068879825
15.25	0.4491733538970948	-0.3208180886103946	-0.3596898343748762	0.3957719840582286	61.13907439581112
15.5	0.475789314712074	-0.3002979285702168	-0.2523798379261279	0.3365519127546577	59.89679810278403
15.75	0.4775618498195513	-0.2942001849023654	-0.1509825694120082	0.2885084358713357	58.69752180979049
16	0.4599258876000931	-0.3006208256974787	-0.06429352206396288	0.2547751999154571	57.56024551681094
16.25	0.4307719126354641	-0.3167200413481623	0.001838315700297244	0.2375391136229155	56.34596922379842
16.5	0.3993017623615742	-0.3393140918542485	0.04532212265621638	0.2378873950619891	55.1626929307929
16.75	0.3746282061674719	-0.3653522670665552	0.0680538105625601	0.255740061042161	54.02841663777735
17	0.3643418356186885	-0.392180701264806	0.07554400218577939	0.289848255499237	52.8961403448136
17.25	0.3732844631522312	-0.4175643435937673	0.07597608608193696	0.3378737986240594	51.71986405179041
17.5	0.4027494790261699	-0.4395157808339718	0.0788506345161295	0.3965384395123692	50.56258775880451
17.75	0.45024161852416	-0.4560197482387593	0.09339786128657579	0.4618430659502337	49.3523114657819
18	0.5098543958993105	-0.4647657004788925	0.1270180571245874	0.5293273194183712	48.15303517278835
18.25	0.5732035774162796	-0.4630229865797446	0.1839731180971285	0.5943702781478351	46.97275887980368
18.5	0.630769012215751	-0.4477359486463683	0.2645461619958951	0.6525058012266527	45.70348258681634
18.75	0.6734087356599048	-0.4158668502823275	0.3648019048123388	0.6997273958040751	44.4852062937855
19	0.6938025050512806	-0.3649518254660506	0.4769979361299193	0.7327727279989631	43.30793000079325
19.25	0.6875682326535753	-0.2937561579092289	0.5905978278004795	0.7493503469522693	42.09365370780915
19.5	0.6538925834611291	-0.2028879541467177	0.6937330368541552	0.74831468069533	40.89537741481308
19.75	0.5955641609616578	-0.09520268349479011	0.7749039610098407	0.7297520602260192	39.74210112178866
20	0.5184505214601813	0.02413982186408248	0.8246494290742703	0.6949885750764224	38.58082482878444
20.25	0.4305147651757579	0.1480384436163149	0.8369349121876439	0.6465003660377988	37.4335485357733
20.5	0.3405920890945708	0.2682225747466873	0.8100283318271977	0.5877521862530557	36.27527224281835
20.75	0.2571243375241465	0.3763418580083453	0.7467392533253587	0.5229516965373477	35.1229959497914
21	0.1870953841062146	0.4651895207161942	0.6539699087479676	0.4567589627222333	33.9917196567967
21.25	0.1353048120508902	0.5298438678246384	0.541652175004856	0.3939507311770285	32.9214433637901
21.5	0.1040796520101139	0.5685073715158069	0.4212429747385613	0.3390828302253794	31.7781670708257
21.75	0.093408174079741	0.5828622854254775	0.3040091434741043	0.2961678333558666	30.67089077779883
22	0.1013925640945672	0.5778479262398832	0.1993737491102365	0.268384857026831	29.57061448481113
22.25	0.1248952571768314	0.5608746215948486	0.1135886678966926	0.2578601621571579	28.49033819177293
22.5	0.1601881537717418	0.5406027069939228	0.04893217991411802	0.2655161715410941	27.38306189883133
22.75	0.2034857334037952	0.5254696327083366	0.00355689179195906	0.2910152593176463	26.31878560580958
23	0.2512545195295388	0.5222490613050468	-0.02800584651049576	0.332787135248509	25.16650931281106
23.25	0.3002851829605788	0.5348824801822047	-0.05376629922102438	0.3881474410191004	24.15223301977676
23.5	0.3475698473284865	0.563794428087931	-0.08279917852996732	0.4534951670575538	23.01395672679973
23.75	0.3900819793925621	0.6058161723121884	-0.1236193386030209	0.5245665701477265	21.87668043379176
24	0.4245907727508893	0.6547178714718029	-0.1826522808278241	0.5967369389654777	20.66140414081019